22 10 30 14 25 21 9
30 10 29 14 25 21 9
22 16 38 2 17 5 9
30 14 36 16 34 8
24 16 35 13 12 8
33 15 38 14 21 9
22 14 25 16 38 15 35 13 12 8
32 1 24 13 0 41 13 37 2 28 9
22 32 1 30 36 13 0 34 8
31 13 26 22 16 38 10 12 8
22 16 33 13 11 5 9
27 38 19 40 13 37 2 28 9
22 14 25 16 23 6 34 8
38 39 40 41 13 37 4 3
30 1 29 13 0 38 2 18 21 9
22 14 23 14 25 9
32 1 38 2 18 8
38 19 39 2 18 8
30 16 20 38 10 11 5 9
22 16 35 15 33 10 12 8
22 10 30 14 25 21 7
30 10 29 14 25 21 7
22 24 1 30 36 13 0 40 13 37 2 28 9
30 10 29 14 23 14 25 9
36 16 38 15 33 14 21 9
31 14 24 13 26 34 21 9
36 1 24 13 0 38 19 40 13 37 4 3
22 14 24 16 38 2 18 8
30 14 32 1 34 8
26 27 41 19 27 40 13 37 2 28 9
22 14 25 16 33 15 35 9
29 14 36 1 32 16 39 2 18 8
36 16 35 15 33 14 21 9
22 24 1 34 8
40 19 41 13 37 4 3
30 16 38 19 39 2 18 8
22 30 29 16 23 6 38 19 39 13 37 2 28 9
30 16 20 34 8
22 32 1 30 14 36 13 0 39 2 18 8
27 38 19 27 40 13 37 4 3
22 20 23 6 35 13 12 8
27 40 19 27 38 2 18 21 9
30 16 38 15 35 13 11 5 9
23 6 34 20 13 12 8
23 6 39 10 11 5 9
24 1 39 2 17 5 9
29 14 36 1 40 13 37 4 3
22 16 33 14 21 9
27 41 13 37 2 28 9
39 19 40 13 37 4 3
23 6 38 2 18 8
